1042
2000
2001
2008
2012
2132
2209
2239
2290
2306
2326
2351
2360
2480
2725
2782
2794
2836
2878
2941
3001
3024
3094
3242
3569
3631
3662
3664
3831
3842
3850
3913
3917
3933
4111
4180
4230
4235
5196
5233
6348
6349
6440
6683
6704
6907
7023
7047
7105
7491
7515
7597
7706
7783
8590
9081
9367
9504
9666
9769
9960
10131
10193
10297
10385
10434
10778
10815
10817
10822
10851
10870
10880
10895
10938
10964
10971
11054
11058
11141
11215
11248
11362
11462
11474
11540
11583
11650
11679
11711
12017
12019
12250
12274
12297
12322
12366
12373
12481
12492
12533
12722
12727
12826
12990
13046
13065
13118
13125
13165
13169
13195
13215
13232
13250
13255
13272
13274
13284
13303
13310
13317
13433
13450
13453
13466
13501
13530
13536
13549
13554
13566
13577
13589
13598
13599
13642
13648
13655
13672
13674
13687
13702
13706
13760
13775
13788
13836
13852
13854
13891
13909
13936
13938
13939
13972
13989
14012
14026
14062
14119
14142
14163
14171
14231
14244
14250
14276
14315
14338
14362
14386
14387
14388
14401
14409
14419
14421
14430
14495
14532
14712
14773
14778
14787
14793
14795
14797
14799
14807
14826
14869
14876
14878
14921
14953
14968
14973
14975
15016
15046
15068
15102
15121
15132
15134
15140
15141
15142
15146
15149
15188
15191
15192
15194
15197
15225
15258
15286
15291
15292
15340
15359
15399
15431
15449
15451
15456
15460
15466
15511
15533
15585
15590
15594
15599
15689
15707
15708
15718
15721
15729
15766
15767
15776
15853
15865
15882
15895
15913
15922
15928
15932
15949
15956
15982
16007
16010
16013
16041
16060
16105
16107
16157
16159
16202
16233
16252
16281
16287
16317
16336
16337
16341
16343
16393
16487
16488
16496
16515
16527
16537
16542
16546
16554
16624
16628
16630
16636
16642
16643
16650
16651
16656
16659
16660
16698
16743
16769
16770
16788
16799
16803
16812
16836
16859
16908
16911
16912
16922
16927
16936
16976
16981
16988
17022
17038
17039
17050
17065
17079
17081
17085
17091
17093
17094
17122
17129
17154
17167
17193
17204
17221
17223
17225
17231
17232
17235
17258
17268
17270
17311
17381
17432
17440
17444
17448
17456
17498
17518
17593
17616
17662
17671
17679
17709
17735
17779
17818
17915
17926